Feature	Gain	Cover	Frequency
cpayroll_trx	0.136503186791179	0.0492834107168633	0.0126103404791929
ctrx_quarter	0.120643437215256	0.0551011567838148	0.0269020596889449
mpasivos_margen	0.119046476303183	0.0460734684758159	0.0201765447667087
mcaja_ahorro	0.107528414149346	0.0316891795666085	0.0264817150063052
mtarjeta_visa_consumo	0.0800950398008012	0.034517096871553	0.0197562000840689
mpayroll	0.0617111229421185	0.042234853327386	0.00966792770071459
Visa_msaldototal	0.059931989249469	0.025522386949644	0.0172341319882303
ctarjeta_visa_trx2	0.0336400149799486	0.0185783117105738	0.0105086170659941
ctarjeta_visa_trx	0.030533005120837	0.0191480374776314	0.0126103404791929
mprestamos_personales	0.0261584816625606	0.0173120520726233	0.0121899957965532
Visa_msaldopesos	0.0151857427705717	0.0177888588221371	0.0126103404791929
mactivos_margen	0.0151141792724719	0.0192519400915466	0.0298444724674233
ccomisiones_otras	0.0125788409673779	0.0246573873399343	0.0176544766708701
mcuentas_saldo	0.0123993273140366	0.0178737195227451	0.0302648171500631
mrentabilidad_annual	0.0117307211649897	0.0270177014867967	0.0441361916771753
Visa_mconsumospesos	0.011138747098683	0.00810937134102909	0.0113493064312736
cprestamos_personales	0.00950619682271126	0.0046666486090455	0.00798654897015553
Visa_mpagominimo	0.00829652366489009	0.00836611980545402	0.0168137873055906
mextraccion_autoservicio	0.00794238236738183	0.00324011953409295	0.00546448087431694
cproductos	0.00646651943988404	0.018066098041099	0.0180748213535099
cextraccion_autoservicio	0.00595603038019723	0.0019850228728565	0.00462379150903741
mcuenta_corriente	0.00517456261469197	0.00838529970364022	0.0226986128625473
ctarjeta_debito_trx	0.00475418324330251	0.0103514462450444	0.00882723833543506
Master_Fvencimiento	0.00459794331554737	0.0196129499305722	0.0399327448507776
mcaja_ahorro_dolares	0.00443012570869732	0.00904989007503604	0.0193358554014292
Visa_fechaalta	0.00434666327631161	0.0102603900233676	0.0264817150063052
Master_fechaalta	0.00407084256678868	0.0112724815141313	0.0294241277847835
cliente_antiguedad	0.00356756998220932	0.0100640099435215	0.0205968894493485
Master_mfinanciacion_limite	0.00326298567697356	0.0221671328324823	0.0315258511979823
chomebanking_trx	0.00325704790730561	0.00750669478485736	0.0126103404791929
tcuentas	0.00311600702466988	0.00430459008493921	0.00462379150903741
mtransferencias_recibidas	0.00302807493758695	0.00471677851559979	0.0105086170659941
Visa_cconsumos	0.00269148193324516	0.00197605385571906	0.00378310214375788
Visa_mfinanciacion_limite	0.00268116916103035	0.0253647530238317	0.0294241277847835
ctransferencias_emitidas	0.00249184039194027	0.00077380540315394	0.00168137873055906
mcomisiones_otras	0.00243949569873465	0.00449146300661959	0.00966792770071459
numero_de_cliente	0.00240311199621164	0.00575385906795713	0.0193358554014292
Master_mlimitecompra	0.00237845115191142	0.0184284463334513	0.0201765447667087
ccaja_seguridad	0.00234208644897672	0.0035179796850106	0.00378310214375788
Master_msaldototal	0.00233912956875856	0.00896015850819801	0.014291719209752
thomebanking	0.00227167824647685	0.00609931801111521	0.00504413619167718
Visa_delinquency	0.00217135977256537	0.0225554084836057	0.007145859604876
Visa_mlimitecompra	0.001972651662467	0.0218445517822686	0.0260613703236654
mcuenta_debitos_automaticos	0.00196859819809546	0.00487543352951701	0.00840689365279529
mcomisiones_mantenimiento	0.0018759010905593	0.010237829495645	0.00924758301807482
mpagomiscuentas	0.00186316326230794	0.00283938384839248	0.00420344682639765
Visa_mpagospesos	0.00178209205309883	0.0167726001880265	0.0218579234972678
Master_mpagospesos	0.00177903582594068	0.00930783900790859	0.0105086170659941
cliente_edad	0.001770378829098	0.0137877940756165	0.0184951660361496
mautoservicio	0.00176333513067499	0.0041843224643702	0.00798654897015553
mtarjeta_visa_debitos_automaticos	0.00173129188507289	0.00532943137852593	0.0105086170659941
mcomisiones	0.00155492756173653	0.00530187579818216	0.0134510298444725
mplazo_fijo_dolares	0.00153580271743182	0.000621649477039378	0.000840689365279529
Master_mpagominimo	0.0014783712481864	0.00130849680942394	0.00504413619167718
ccaja_ahorro	0.0014356218082191	0.0117525585052782	0.00378310214375788
mrentabilidad	0.00135203201617526	0.00254608318951054	0.0117696511139134
ctarjeta_visa_debitos_automaticos	0.00114063122407337	0.00373594059993811	0.007145859604876
Visa_Fvencimiento	0.00111456478152051	0.00343856938712457	0.014291719209752
ccomisiones_mantenimiento	0.00108181118970846	0.0123299562316103	0.00630517023959647
ctransferencias_recibidas	0.00105945061661518	0.00297934191120013	0.00504413619167718
mtarjeta_master_consumo	0.00104660003264224	0.00145458140086085	0.00210172341319882
matm	0.000957444431553703	0.00143715391063843	0.00336275746111812
tpaquete7	0.000716984671666559	0.0107929840594762	0.00378310214375788
ccuenta_debitos_automaticos	0.000707266706831201	0.00241709492458637	0.00546448087431694
Master_fultimo_cierre	0.000695495472816843	0.00559226497611641	0.00504413619167718
Visa_mconsumosdolares	0.000689326654212511	0.0110266200566624	0.00798654897015553
catm_trx	0.000662862602836117	0.000678899403352003	0.00168137873055906
Visa_mpagosdolares	0.000618571748370503	0.0143775138516466	0.00672551492223623
mcaja_ahorro_adicional	0.000580380728378484	0.0181526421572313	0.00672551492223623
Visa_msaldodolares	0.000579504226596041	0.0112272914662465	0.00672551492223623
Visa_Finiciomora	0.000575131253485814	0.0115334661143426	0.00462379150903741
mdescubierto_preacordado	0.00048665519342373	0.00676412915831749	0.00210172341319882
Master_msaldopesos	0.000442239773344454	0.00293823621573489	0.00546448087431694
mtarjeta_visa_descuentos	0.000346797478125496	0.0124435039885702	0.00672551492223623
cpagomiscuentas	0.000321517996759218	0.000391932250417884	0.00126103404791929
matm_other	0.000277686959383888	0.000635254786112468	0.000840689365279529
mtransferencias_emitidas	0.000277338677884654	0.000936793142272939	0.00336275746111812
Visa_mpagado	0.000252817844753256	0.00182598150127797	0.00504413619167718
ccallcenter_trx	0.00025122671486891	0.0124291673596382	0.00630517023959647
tpaquete9	0.000240840373690822	0.0068419940255583	0.00252206809583859
Master_mconsumospesos	0.000166447254398159	0.00133883968432427	0.00210172341319882
internet	0.000116725013645467	0.00172304478151605	0.000840689365279529
Visa_fultimo_cierre	0.000116074347484108	0.000447167597496562	0.000840689365279529
cseguro_accidentes_personales	0.000115549066952475	0.00138271887585816	0.000420344682639765
Master_mpagosdolares	8.44452426509325e-05	0.00373024182443386	0.00168137873055906
Visa_mconsumototal	8.20770665062176e-05	0.000241211367045311	0.00126103404791929
Master_cconsumos	6.76724494705771e-05	0.0006375867305682	0.00210172341319882
ccajas_extracciones	5.76798990504984e-05	0.000874548163339159	0.000840689365279529
Master_mconsumototal	5.56142423179815e-05	0.000223383720673677	0.000420344682639765
Master_status	3.37538604723784e-05	0.00174870996901701	0.000840689365279529
ctarjeta_visa	3.10649984057254e-05	0.0014418453965257	0.000420344682639765
mcheques_depositados	2.76890305956756e-05	0.00345783207623819	0.00126103404791929
ctarjeta_visa_descuentos	2.68939637894814e-05	0.00320827262401112	0.00168137873055906
cforex	2.34116123023066e-05	0.000200547223192984	0.000420344682639765
ctarjeta_debito	2.11896166109674e-05	4.39619824613216e-05	0.000420344682639765
cseguro_vivienda	1.60835266233001e-05	0.000153425387001706	0.000420344682639765
ccajas_otras	1.4865066970014e-05	0.00134216511990907	0.000420344682639765
ccheques_depositados	8.69740766317853e-06	0.0021074706545143	0.000840689365279529
mttarjeta_master_debitos_automaticos	7.86438477904723e-06	0.000186486564019071	0.000840689365279529
ctarjeta_master	6.87426256068599e-06	0.000249117900614156	0.000420344682639765
mcajeros_propios_descuentos	5.71503450165741e-06	0.00103316178179267	0.000420344682639765
Master_mpagado	5.07190781309035e-06	0.00104124769570426	0.000420344682639765
