Feature	Gain	Cover	Frequency
ctrx_quarter	0.231472974292901	0.0492477197287033	0.027891156462585
mpayroll	0.0715993379988247	0.0924682237204881	0.0224489795918367
mrentabilidad_annual	0.0389475667852955	0.02178996911672	0.0374149659863946
mprestamos_personales	0.0292715899514678	0.0200612839180594	0.0183673469387755
mpasivos_margen	0.0291331067291695	0.0140862873669388	0.0204081632653061
mcaja_ahorro	0.0289268763968146	0.00313449182017849	0.0136054421768707
mtarjeta_visa_consumo	0.0252320254491689	0.0150542974512971	0.00884353741496599
Master_fechaalta	0.0249469649066277	0.0215149525404243	0.0258503401360544
mcuentas_saldo	0.023491456266791	0.021578165239022	0.0319727891156463
cpayroll_trx	0.0217285717184524	0.0299807394549533	0.00748299319727891
chomebanking_trx	0.0216265057393544	0.0146130151661766	0.0346938775510204
mactivos_margen	0.0207517602883841	0.0225687209624347	0.0292517006802721
cliente_edad	0.0166941094781769	0.0125662107770121	0.0312925170068027
Visa_Fvencimiento	0.0166306398786467	0.00823420812051464	0.0285714285714286
ctarjeta_visa_trx	0.0162573562469812	0.0100891623046032	0.00884353741496599
mcuenta_corriente	0.0157243479982737	0.00848158450304384	0.0231292517006803
Visa_msaldototal	0.0157098925210654	0.000945263344459871	0.00340136054421769
Master_Fvencimiento	0.0151908629990544	0.0113938598907182	0.026530612244898
Master_mfinanciacion_limite	0.0148235196406839	0.00821724861601282	0.0217687074829932
mcaja_ahorro_dolares	0.014716385908797	0.0189289297551624	0.0292517006802721
Visa_mfinanciacion_limite	0.0129783173955862	0.00478517223594599	0.0163265306122449
Visa_msaldopesos	0.0113840986982526	0.0302359364258562	0.0156462585034014
numero_de_cliente	0.0112380182857209	0.0102095993655581	0.0204081632653061
Visa_fechaalta	0.0108029386357186	0.00745197052683908	0.0197278911564626
Visa_mpagominimo	0.0106593569639576	0.00894047428427428	0.0163265306122449
cliente_antiguedad	0.0105665572203101	0.00684810938169847	0.0204081632653061
ccomisiones_otras	0.010291620273377	0.0159418895426355	0.0142857142857143
mtransferencias_recibidas	0.0100102319917361	0.015573405763005	0.0190476190476191
Visa_mpagospesos	0.00970753057658252	0.00865564845570417	0.0156462585034014
Visa_mconsumospesos	0.00960854959499653	0.0145385184757825	0.0156462585034014
mcomisiones	0.00953631007344137	0.00246172011919649	0.00884353741496599
mrentabilidad	0.00931027244254287	0.00876719239045132	0.017687074829932
Master_mpagospesos	0.00921164708634823	0.0345006373332634	0.0197278911564626
mcomisiones_otras	0.00913138163990367	0.0112668982246058	0.0122448979591837
mtransferencias_emitidas	0.00814717585293694	0.00761410249609496	0.0156462585034014
mpagomiscuentas	0.0080744041788923	0.0230196113989857	0.0129251700680272
ctransferencias_recibidas	0.00699790459155704	0.0160706834608812	0.0115646258503401
mautoservicio	0.00688959368892849	0.00803355416738374	0.0108843537414966
mtarjeta_visa_debitos_automaticos	0.00617790718566805	0.00961125732135553	0.0115646258503401
cproductos	0.00613830128455671	0.00525603868965729	0.00952380952380953
Visa_mlimitecompra	0.00603874881847304	0.00929508210567599	0.0108843537414966
ccaja_ahorro	0.00597790712588291	0.00878486692017588	0.0102040816326531
Master_msaldopesos	0.00567549655898352	0.0112569772496403	0.00952380952380953
ctransferencias_emitidas	0.00559692271635468	0.0257125974886616	0.0136054421768707
mcomisiones_mantenimiento	0.00538840832589233	0.0074475909973498	0.00748299319727891
Visa_cconsumos	0.00528154258045404	0.00281302094894304	0.00952380952380953
ctarjeta_visa_trx2	0.00519131366806655	0.00241361232842914	0.00612244897959184
mcuenta_debitos_automaticos	0.00465078443110153	0.0124414612201825	0.0102040816326531
ccuenta_debitos_automaticos	0.00431023798325262	0.0140577310471057	0.00952380952380953
ccomisiones_mantenimiento	0.00423519442789243	0.0117231736948656	0.00748299319727891
Master_cconsumos	0.00406486643266085	0.00648221756850042	0.0054421768707483
Visa_mpagado	0.00400341661604275	0.0112474808209008	0.00952380952380953
ccallcenter_trx	0.00393874190221653	0.00761839264743139	0.00612244897959184
ctarjeta_debito_trx	0.00382399716598664	0.0106715503485234	0.00884353741496599
cpagomiscuentas	0.00338623386747478	0.0118884115549327	0.00952380952380953
Visa_mconsumosdolares	0.00334937139515924	0.0036170221228357	0.00680272108843537
Master_mpagominimo	0.00333748326839491	0.00806097091576811	0.0054421768707483
ctarjeta_debito	0.00269608291823227	0.00255194736449077	0.00476190476190476
mplazo_fijo_dolares	0.00240530252173513	0.0178528391394797	0.00612244897959184
mextraccion_autoservicio	0.00230871210880115	0.0168966940049112	0.00748299319727891
ccaja_seguridad	0.00214447452282803	0.0125560440121263	0.0054421768707483
mcheques_emitidos	0.00199758236459539	0.0197331543744372	0.00408163265306122
cseguro_accidentes_personales	0.00197429827662097	0.00468770536027149	0.00408163265306122
Visa_Finiciomora	0.0019325343423473	0.00525590462242803	0.00340136054421769
catm_trx	0.00171554400721018	0.00675647443049693	0.00476190476190476
tpaquete7	0.001691932855941	0.00930618734116664	0.00408163265306122
mtarjeta_visa_descuentos	0.0014117746243374	0.00838186082901008	0.00408163265306122
matm	0.0012283583727681	0.00605143721633888	0.00408163265306122
tpaquete9	0.00113607063653898	0.00557527510707168	0.00204081632653061
cextraccion_autoservicio	0.00113316590163496	0.000414871040955617	0.00204081632653061
minversion2	0.00110765298773477	0.0175336250666035	0.00340136054421769
Visa_mpagosdolares	0.00107584913561423	0.00102789344676255	0.00204081632653061
Master_mlimitecompra	0.00102057169116282	0.00132771246047195	0.00204081632653061
Master_msaldototal	0.000966684414285517	0.0023238766629755	0.00204081632653061
mtarjeta_master_consumo	0.000956412683880005	0.00106764438023915	0.00136054421768707
cplazo_fijo	0.000930869509924183	0.00478671400908252	0.00204081632653061
thomebanking	0.000910831410234745	0.000961552512815375	0.00136054421768707
Visa_msaldodolares	0.000900658064426966	0.00102047506007664	0.00204081632653061
Visa_fultimo_cierre	0.000900343117282747	0.00046771587382361	0.00204081632653061
ctarjeta_master_debitos_automaticos	0.000828446631965539	0.00232385431843729	0.00204081632653061
ccajas_consultas	0.00076322016635127	0.00611232608296268	0.00272108843537415
ctarjeta_visa_debitos_automaticos	0.000710316832477519	0.00118455100415684	0.00136054421768707
Master_mconsumospesos	0.000698182259087709	0.000295528862372973	0.00136054421768707
cmobile_app_trx	0.00066290122943145	0.000186621583134664	0.00136054421768707
mcaja_ahorro_adicional	0.000651320275584622	0.00175583381258644	0.00136054421768707
mdescubierto_preacordado	0.000606957602881388	0.00105855015318745	0.00136054421768707
tcallcenter	0.000595490339520153	0.000439874579213243	0.000680272108843537
active_quarter	0.000580932402612418	0.000557473883815462	0.00136054421768707
Visa_delinquency	0.000534465813126916	0.00195899035399692	0.00136054421768707
cforex	0.000414451715729378	0.000702422903187417	0.000680272108843537
tmobile_app	0.000395343248610964	0.00469758164616056	0.00136054421768707
cprestamos_personales	0.00037407480780561	0.000498104445789983	0.00136054421768707
Master_fultimo_cierre	0.000366179201272047	0.000148859313558804	0.000680272108843537
Master_mpagado	0.000287951851440627	9.95896068045018e-05	0.000680272108843537
mttarjeta_master_debitos_automaticos	0.00021946598366501	0.000205837885995753	0.000680272108843537
Master_status	0.000197778983829536	0.00231210109133853	0.000680272108843537
mcajeros_propios_descuentos	0.000154916385163022	0.000751335097330351	0.000680272108843537
Visa_status	0.00015300401028805	0.00182463264573678	0.000680272108843537
ctarjeta_master_trx	0.000142376205744865	0.00309981309687568	0.000680272108843537
minversion1_pesos	0.000127881445041467	0.00297959948130283	0.000680272108843537
