fecha	gamma	alpha	lambda	subsample	tree_method	grow_policy	max_bin	max_depth	scale_pos_weight	eta	colsample_bytree	min_child_weight	max_leaves	prob_corte	nrounds	ganancia	iteracion
20220528 220252	0	0	0	1	hist	lossguide	256	0	1	0.140143677159795	0.749758435301483	2	561	0.0370707246077169	10	5863000	1
20220528 220350	0	0	0	1	hist	lossguide	256	0	1	0.0576818325715139	0.507118974551559	6	823	0.0186184291781198	55	12638000	2
20220528 220423	0	0	0	1	hist	lossguide	256	0	1	0.210399690591847	0.343207854051143	7	170	0.0478089103649836	16	6607000	3
20220528 220451	0	0	0	1	hist	lossguide	256	0	1	0.125577295914292	0.786246585827321	0	447	0.0150283399469724	2	1084000	4
20220528 220548	0	0	0	1	hist	lossguide	256	0	1	0.0528601705452893	0.306462536584586	7	251	0.0322704066139219	59	10018000	5
20220528 220624	0	0	0	1	hist	lossguide	256	0	1	0.187411474247114	0.405102395573631	4	983	0.0242711870392668	15	9281000	6
20220528 220649	0	0	0	1	hist	lossguide	256	0	1	0.248273706958396	0.58150302041322	7	115	0.030432021857996	12	9997000	7
20220528 220722	0	0	0	1	hist	lossguide	256	0	1	0.181758947285474	0.950507531389594	4	377	0.0212115365987605	14	10231000	8
20220528 220747	0	0	0	1	hist	lossguide	256	0	1	0.240285114928964	0.816836591120809	8	703	0.0451750210442697	8	7501000	9
20220528 220827	0	0	0	1	hist	lossguide	256	0	1	0.102568046891014	0.712935166805983	3	909	0.00889361109439051	6	11610000	10
20220528 220921	0	0	0	1	hist	lossguide	256	0	1	0.0852297485177405	0.458155936356634	1	772	0.0334058171497115	14	5133000	11
20220528 220943	0	0	0	1	hist	lossguide	256	0	1	0.289461407392635	0.228074518861249	3	46	0.0204943966246598	5	9911000	12
20220528 221007	0	0	0	1	hist	lossguide	256	0	1	0.257855242610327	0.363572850348428	9	966	0.0267468518102154	12	10273000	13
20220528 221036	0	0	0	1	hist	lossguide	256	0	1	0.151650380887673	0.67596621600911	10	88	0.0384772944191354	17	7996000	14
20220528 221236	0	0	0	1	hist	lossguide	256	0	1	0.0739424535363214	0.88897938657552	0	483	0.0494168124738887	12	1394000	15
20220528 221305	0	0	0	1	hist	lossguide	256	0	1	0.227049069624627	0.845006446205079	9	594	0.0108903157073655	28	11589000	16
20220528 221338	0	0	0	1	hist	lossguide	256	0	1	0.15851534645143	0.261672565247864	5	262	0.0401810830478401	25	7814000	17
20220528 221643	0	0	0	1	hist	lossguide	256	0	1	0.0123016137237428	0.522219139961526	6	338	0.0131636388973372	192	13450000	18
20220528 221804	0	0	0	1	hist	lossguide	256	0	1	0.0340006522906478	0.992869716854766	9	724	0.0429064537141433	95	8326000	19
20220528 221833	0	0	0	1	hist	lossguide	256	0	1	0.272476550267311	0.601735182628036	2	638	0.0286876373958269	1	8006000	20
20220528 221945	0	0	0	1	hist	lossguide	256	0	1	0.034778167476061	0.7560219873547	6	616	0.00833793735761719	25	12302000	21
20220528 222011	0	0	0	1	hist	lossguide	256	0	1	0.204422939221488	0.310848613344389	6	336	0.00833350947708353	5	10806000	22
20220528 222310	0	0	0	1	hist	lossguide	256	0	1	0.0100628111386986	0.669645999234967	6	24	0.0173062441909743	284	13123000	23
20220528 222728	0	0	0	1	hist	lossguide	256	0	1	0.0100033653981307	0.658673205855075	7	369	0.0155647435238461	340	13043000	24
20220528 223209	0	0	0	1	hist	lossguide	256	0	1	0.0100111696021097	0.540305228733109	5	301	0.014217392406597	398	12853000	25
20220528 223628	0	0	0	1	hist	lossguide	256	0	1	0.0100134375530354	0.573671170039744	6	383	0.0169375634914444	339	12656000	26
20220528 223900	0	0	0	1	hist	lossguide	256	0	1	0.0102336881261001	0.504655072648105	8	881	0.00836647818143302	26	12292000	27
20220528 224108	0	0	0	1	hist	lossguide	256	0	1	0.014969294129636	0.486385018024691	7	16	0.0128319543955083	282	13199000	28
20220528 224359	0	0	0	1	hist	lossguide	256	0	1	0.0101877385745765	0.719485160075207	6	200	0.00835490558415878	30	12264000	29
20220528 224726	0	0	0	1	hist	lossguide	256	0	1	0.0103409079853037	0.533885460370293	6	917	0.0126877400131873	168	13201000	30
20220528 224826	0	0	0	1	hist	lossguide	256	0	1	0.0656504720680375	0.685244391057449	6	3	0.0135268684050302	336	12920000	31
20220528 225008	0	0	0	1	hist	lossguide	256	0	1	0.0230367824473896	0.434411378898233	7	736	0.0132188883591063	99	13394000	32
20220528 225456	0	0	0	1	hist	lossguide	256	0	1	0.0101514637868151	0.967193462638809	8	4	0.0201339184915159	1642	12593000	33
20220528 225846	0	0	0	1	hist	lossguide	256	0	1	0.010152897083662	0.32992639604297	6	106	0.0134235395584544	250	13351000	34
20220528 230210	0	0	0	1	hist	lossguide	256	0	1	0.0100616676345051	0.52130354460847	9	704	0.0137353913268009	253	13676000	35
20220528 230520	0	0	0	1	hist	lossguide	256	0	1	0.0101531390469788	0.958226808528549	9	839	0.0142058740012764	164	12976000	36
20220528 230851	0	0	0	1	hist	lossguide	256	0	1	0.0100334409160409	0.497731512978688	9	281	0.0135705652954787	260	13436000	37
20220528 231147	0	0	0	1	hist	lossguide	256	0	1	0.0118907590580017	0.50068744144499	10	741	0.0131412805569215	236	13414000	38
20220528 231305	0	0	0	1	hist	lossguide	256	0	1	0.035112267338683	0.502201147896962	9	853	0.0189065449086605	102	13031000	39
20220528 231653	0	0	0	1	hist	lossguide	256	0	1	0.0102459365118655	0.25661259745578	9	596	0.0138330314874523	327	13333000	40
20220528 232027	0	0	0	1	hist	lossguide	256	0	1	0.0103931574776996	0.532481290066056	8	669	0.0132152223779846	262	13458000	41
20220528 232110	0	0	0	1	hist	lossguide	256	0	1	0.0717011606057466	0.531697370620336	9	766	0.0138495946783936	29	12669000	42
20220528 232421	0	0	0	1	hist	lossguide	256	0	1	0.0100417985376124	0.674438469953628	9	574	0.0125786048026498	187	13552000	43
20220528 232447	0	0	0	1	hist	lossguide	256	0	1	0.299927333180562	0.934145067264014	5	879	0.0117797835712678	4	10632000	44
20220528 232854	0	0	0	1	hist	lossguide	256	0	1	0.0100407918459609	0.769131752051996	10	665	0.01951025013723	438	12578000	45
