Feature	Gain	Cover	Frequency
ctrx_quarter_normalizado	0.15336727727037	0.0192527146475715	0.0161369193154034
ctrx_quarter	0.0627543275363741	0.0188167521896173	0.0224938875305623
mcuentas_saldo	0.0444801568581747	0.0206296204732904	0.0254278728606357
cpayroll_trx	0.0434589275724779	0.0200600450849054	0.006519967400163
mpayroll_sobre_edad	0.0424834117279813	0.0263740008244082	0.010920945395273
mpasivos_margen	0.0304483881791184	0.0211836896118896	0.0296658516707416
Visa_msaldototal	0.0282430306960182	0.0118192255481746	0.0112469437652812
mactivos_margen	0.0261644678575527	0.0211725998876192	0.0184189079054605
ctarjeta_visa_trx	0.0246303207048057	0.0161004772811768	0.0164629176854116
mrentabilidad_annual	0.0216583776953856	0.0131088807897242	0.0169519152404238
mprestamos_personales	0.0211344505049028	0.0209616865890199	0.00831295843520782
mpayroll	0.0194938504903002	0.017292514647634	0.00766096169519152
mcuenta_corriente	0.0188853299372576	0.00986263771497401	0.0164629176854116
mv_msaldototal	0.0183232065655155	0.00376059327477711	0.00749796251018745
mv_msaldopesos	0.0174301196484569	0.00637631588813699	0.00814995925020375
mcaja_ahorro	0.0154015929965474	0.0133168596683352	0.0189079054604727
cliente_edad	0.0152412373254425	0.0201006577554538	0.0254278728606357
mv_fechaalta	0.0136330851741264	0.0143202749012311	0.017440912795436
chomebanking_trx	0.0126152502546393	0.0155319967144625	0.0187449062754686
mtarjeta_visa_consumo	0.0118979034973807	0.0111690578788424	0.0164629176854116
mv_Fvencimiento	0.0115486673298962	0.0125768719354024	0.0203748981255094
Master_fechaalta	0.0110594439117267	0.0199071275437902	0.021678891605542
mcomisiones_otras	0.00860055491915068	0.0102730990205427	0.0164629176854116
mautoservicio	0.00858118243224855	0.0146484383873316	0.0180929095354523
Master_Fvencimiento	0.00852638797891888	0.0139915900714779	0.0177669111654442
mcomisiones	0.00849640647290811	0.00980583360012474	0.015321923390383
promedio_mcomisiones	0.00831865761182055	0.00957536246678129	0.0143439282803586
ccomisiones_otras	0.00802511962395733	0.0169121423185949	0.015158924205379
mtransferencias_recibidas	0.00772592573301357	0.005391721161105	0.0127139364303178
ccomisiones_mantenimiento	0.00770312898283093	0.0198993222845321	0.0052159739201304
mrentabilidad	0.00769182804329121	0.0105050820504791	0.010920945395273
mtransferencias_emitidas	0.00760755333461235	0.010185267510589	0.0154849225753871
mcomisiones_mantenimiento	0.00747740479327543	0.0135151638983046	0.00929095354523227
mvr_mpagominimo	0.00746824866716721	0.010954510070207	0.0148329258353708
Visa_fechaalta	0.00737763153278259	0.00888440338050545	0.017440912795436
Master_mfinanciacion_limite	0.0068390264283837	0.0067390295628812	0.0138549307253464
cprestamos_personales	0.00673134579093922	0.00477693783026096	0.00228198859005705
mv_mpagospesos	0.00656892729433177	0.0033636198742814	0.00733496332518337
Visa_msaldopesos	0.0060330805065096	0.0118338455137507	0.0135289323553382
mvr_mpagospesos	0.00592166789785914	0.00552149849180495	0.0097799511002445
Visa_Fvencimiento	0.00571025700701636	0.00607024247737976	0.0114099429502852
cproductos	0.00537917227613817	0.00648119533553536	0.00603096984515078
cliente_antiguedad	0.00534398883565732	0.00624840794682045	0.00880195599022005
numero_de_cliente	0.00529708353704694	0.00590387427002393	0.00863895680521597
mvr_Master_mlimitecompra	0.00527477906422744	0.00886768314478543	0.0097799511002445
mcaja_ahorro_dolares	0.00522566120004453	0.0144394391647145	0.0132029339853301
Visa_mfinanciacion_limite	0.00510208020836904	0.00963384232908579	0.0117359413202934
Visa_mconsumospesos	0.00481765596358289	0.00676005460761956	0.0097799511002445
Visa_mpagospesos	0.00478882786816915	0.00568898386413093	0.00831295843520782
thomebanking	0.0044259742340475	0.00467579716162939	0.00293398533007335
mv_mlimitecompra	0.00435632754945083	0.00653705358404323	0.0101059494702526
Master_status	0.00429220798865069	0.00735589082056974	0.0019559902200489
mvr_msaldopesos2	0.00420833590448622	0.00424701435055007	0.0084759576202119
Visa_cconsumos	0.0040517880530625	0.00511669748875168	0.00814995925020375
Visa_mpagominimo	0.00401626409839904	0.00680894174671365	0.0107579462102689
ctransferencias_recibidas	0.0039518151783507	0.0111337331224861	0.0071719641401793
ccallcenter_trx	0.00392596422026795	0.00759335540662638	0.00277098614506927
mvr_msaldototal	0.00384667371672417	0.00664082331423791	0.00814995925020375
mvr_Visa_mlimitecompra	0.00378075164819325	0.00678168292144181	0.00798696006519967
Visa_mconsumototal	0.00369789844784207	0.00419668979252772	0.00635696821515892
mvr_mconsumospesos	0.0034187078802071	0.00374127376855985	0.00619396903015485
Master_mlimitecompra	0.00317718694630566	0.00448268402488799	0.00831295843520782
mpagomiscuentas	0.00316668674920313	0.00719227828680696	0.00684596577017115
mv_mconsumospesos	0.00315152716320114	0.00312868008105732	0.00603096984515078
ctransferencias_emitidas	0.00308411678812485	0.0106527265729351	0.0045639771801141
mvr_msaldopesos	0.00305051966545401	0.0051826698041227	0.006519967400163
ccaja_ahorro	0.00296360520173731	0.0130387600684307	0.00423797881010595
mvr_mconsumototal	0.00290457120336144	0.00409588427338719	0.0058679706601467
ctarjeta_debito_trx	0.00283231811458668	0.007114411888387	0.013039934800326
mv_mfinanciacion_limite	0.00279578667815725	0.00331658722903778	0.006519967400163
ctarjeta_visa_debitos_automaticos	0.00276157484048177	0.00382816685993869	0.00423797881010595
mtarjeta_visa_debitos_automaticos	0.00263938867538676	0.0036362975001974	0.00635696821515892
mdescubierto_preacordado	0.00263212255394983	0.00852598706701311	0.00211898940505297
mcuenta_debitos_automaticos	0.00259544653112042	0.00780352392857884	0.00831295843520782
Master_mpagospesos	0.00257945622582996	0.0101775665200614	0.00635696821515892
mplazo_fijo_dolares	0.00254786976520868	0.014059156208873	0.0026079869600652
tcallcenter	0.00242794815283287	0.00325311736319991	0.0019559902200489
Visa_mpagado	0.00237550839622352	0.00723327079344527	0.006519967400163
Visa_mlimitecompra	0.00231304346250138	0.00370775137168867	0.00423797881010595
ccajas_consultas	0.00212161886491736	0.0111023854734235	0.00211898940505297
mv_status02	0.00206737603771525	0.00985396851480559	0.0019559902200489
cpagomiscuentas	0.00196999690811338	0.00596577265713711	0.00488997555012225
mv_mpagominimo	0.00194952829299378	0.00287177682451994	0.00537897310513448
mv_cconsumos	0.00188731025709932	0.00181102868535557	0.00472697636511817
ccuenta_debitos_automaticos	0.00188058072898982	0.00958326454700353	0.00374898125509372
Visa_mconsumosdolares	0.00181691232351552	0.00297671585405005	0.00472697636511817
mextraccion_autoservicio	0.00161738563376321	0.00814971100953119	0.0115729421352893
Visa_fultimo_cierre	0.00156066619972089	0.0020527384982988	0.00342298288508557
Master_msaldopesos	0.00152776311422836	0.00225493046236434	0.00374898125509372
Master_mpagominimo	0.00143937688919968	0.00352909434966111	0.00374898125509372
mvr_mpagado	0.001383427385482	0.00704227282238071	0.00537897310513448
ccaja_seguridad	0.00137479520423341	0.00672725464409574	0.00162999185004075
mv_mpagado	0.00126587195990977	0.00517310687197815	0.00374898125509372
Visa_status	0.00116518261057478	0.00237416920351247	0.00032599837000815
ctarjeta_debito	0.00114482369541512	0.0029657229507437	0.00358598207008965
cmobile_app_trx	0.00113277195271981	0.00132042941259421	0.00228198859005705
active_quarter	0.00107527610284675	0.000961871591538986	0.00146699266503668
ctarjeta_master	0.00105994285403252	0.00017014422495496	0.00032599837000815
Visa_mpagosdolares	0.00105197051563221	0.00545879574591325	0.00374898125509372
ccajas_trx	0.00104722060084735	0.00283899920429553	0.00097799511002445
cseguro_accidentes_personales	0.00102626480385547	0.00353423330852383	0.00162999185004075
Master_mconsumospesos	0.00101285879938673	0.00315361520319123	0.00407497962510187
mvr_mconsumosdolares	0.000979504824493729	0.00208284981812778	0.00162999185004075
cinversion1	0.000965746984382943	0.00825923041543895	0.00114099429502852
mv_fultimo_cierre	0.00095332044787503	0.00066460144074659	0.00179299103504482
matm	0.000936006795630716	0.000988087729505344	0.00244498777506113
cextraccion_autoservicio	0.000791289382364775	0.00169609475322578	0.00358598207008965
mv_mconsumototal	0.000759677013571343	0.000958818007287223	0.00179299103504482
mv_status04	0.00072925721449517	0.000687838472125863	0.0006519967400163
mv_Finiciomora	0.000725555836679134	0.00119412274106823	0.00032599837000815
mvr_mpagosdolares	0.000722775638729134	0.008075471673381	0.00488997555012225
mtarjeta_master_consumo	0.000722601613789067	0.00174104202385844	0.0013039934800326
tpaquete7	0.000681654040742315	0.00692202863275944	0.00097799511002445
mv_status07	0.000680771876911534	0.000395491294968627	0.000488997555012225
campos_nulos	0.000677349444374462	0.000520665905991521	0.00162999185004075
Master_fultimo_cierre	0.000672206771401222	0.000694102043725211	0.00162999185004075
mvr_msaldodolares2	0.0006599209252848	0.00176773481887874	0.00146699266503668
Master_msaldototal	0.000657639545129444	0.00137046350772432	0.00228198859005705
mv_status01	0.000645744826922883	0.00124347908944978	0.00032599837000815
tpaquete9	0.00064166451255109	0.00519146561632107	0.00114099429502852
tmobile_app	0.000587993766355886	0.00513221863407039	0.000814995925020375
matm_other	0.000542881227822121	0.00353528344359578	0.00228198859005705
catm_trx	0.000529811878421519	0.00279840142928001	0.00228198859005705
mv_mconsumosdolares	0.0004763918577737	0.00265200813159059	0.00114099429502852
Visa_Finiciomora	0.000475533176307284	0.00230609661799755	0.000488997555012225
Visa_msaldodolares	0.00044634266040893	0.00134861920867451	0.00097799511002445
Master_cconsumos	0.000440172225150527	0.00181788807827233	0.00162999185004075
Master_mconsumototal	0.00039749875057675	0.00183735653981894	0.00114099429502852
ccajas_extracciones	0.000390667927530847	0.000627317921809207	0.00032599837000815
ctarjeta_master_trx	0.00036723899938074	0.000174031959051108	0.00032599837000815
cplazo_fijo	0.000345714198965782	0.00380260612542149	0.0006519967400163
Master_mpagado	0.000298882903538795	0.00416756902563895	0.000814995925020375
ctarjeta_master_debitos_automaticos	0.000296516019859983	0.000278218764167979	0.00032599837000815
Master_msaldodolares	0.000266390598022574	0.000324283199770799	0.00032599837000815
mv_mpagosdolares	0.000229721024096998	0.00305094029466731	0.0026079869600652
ctarjeta_visa	0.000208783954518222	9.35067080021678e-05	0.000162999185004075
mv_status03	0.000194704816822813	0.000103635670398261	0.000162999185004075
ccheques_emitidos	0.000193096652315081	0.00118293619583372	0.000162999185004075
mtarjeta_visa_descuentos	0.00017684659410746	0.00290056988968413	0.00162999185004075
tpaquete1	0.000140030697341247	0.00214372041346842	0.00032599837000815
ctarjeta_visa_descuentos	0.000132388712377215	0.00212805776058681	0.00114099429502852
Master_mpagosdolares	0.000125006688160744	0.00043336318745696	0.00114099429502852
mttarjeta_master_debitos_automaticos	9.98700611926725e-05	0.000466058882250231	0.000814995925020375
cseguro_vida	9.84936633412578e-05	0.000328833785082574	0.000162999185004075
Visa_madelantopesos	9.17271935668654e-05	7.56320684796506e-05	0.00032599837000815
cseguro_vivienda	8.26761924667857e-05	0.000244584650799776	0.000162999185004075
mvr_msaldodolares	8.1817756073504e-05	0.0018157729125955	0.00097799511002445
Master_madelantopesos	7.73135593784344e-05	0.000180846665369067	0.000488997555012225
mv_msaldodolares	5.79152262468665e-05	0.000398358685058698	0.000488997555012225
Master_mconsumosdolares	6.89888157136811e-06	5.96268183405301e-05	0.00032599837000815
mcajeros_propios_descuentos	1.26893007910295e-06	0.000680487526622227	0.000488997555012225
Master_cadelantosefectivo	1.98529960043767e-12	0.000410260215874107	0.00097799511002445
ccajeros_propios_descuentos	1.50405624411928e-12	0.000190424493046549	0.000162999185004075
catm_trx_other	8.51342665696727e-14	0.000104358103745629	0.00032599837000815
cforex	7.94261571661434e-14	5.68711447474754e-05	0.000162999185004075
