fecha	objective	metric	first_metric_only	boost_from_average	feature_pre_filter	verbosity	seed	max_depth	min_gain_to_split	max_bin	num_iterations	force_row_wise	learning_rate	feature_fraction	min_data_in_leaf	num_leaves	lambda_l1	lambda_l2	prob_corte	ganancia	iteracion
20220530 200643	binary	custom	TRUE	TRUE	FALSE	-100	999983	-1	0	31	13	TRUE	0.243896360586264	0.525598546589858	5097	571	78.1887292886885	29.2416816319539	0.0268033732263055	10150000	1
20220530 200702	binary	custom	TRUE	TRUE	FALSE	-100	999983	-1	0	31	77	TRUE	0.14358661275199	0.501121344111328	4341	346	39.9642490565644	74.2538741997643	0.0259000411016002	11667000	2
20220530 200712	binary	custom	TRUE	TRUE	FALSE	-100	999983	-1	0	31	134	TRUE	0.101271360138531	0.749638117876436	6760	703	30.9212924563326	79.4263117273139	0.0368109676729849	10397000	3
20220530 200728	binary	custom	TRUE	TRUE	FALSE	-100	999983	-1	0	31	78	TRUE	0.0756913573175968	0.426004042689289	6567	83	66.8530932095434	60.6786650921484	0.019839570386241	10919000	4
20220530 200733	binary	custom	TRUE	TRUE	FALSE	-100	999983	-1	0	31	17	TRUE	0.227106783083208	0.902135980934171	449	834	57.6196299857527	41.0441407975408	0.0246812698102163	11046000	5
20220530 200748	binary	custom	TRUE	TRUE	FALSE	-100	999983	-1	0	31	100	TRUE	0.0848558196487803	0.203881985946958	5418	444	33.0321117969496	38.6851581295819	0.0393798908039268	8853000	6
20220530 200753	binary	custom	TRUE	TRUE	FALSE	-100	999983	-1	0	31	17	TRUE	0.258868197177903	0.686593867326155	2612	548	87.4790994650019	28.2165153791928	0.0160676897813876	10964000	7
20220530 200803	binary	custom	TRUE	TRUE	FALSE	-100	999983	-1	0	31	40	TRUE	0.294038844928312	0.467956837233422	7790	93	46.9559669860506	56.8290326935572	0.0436806845192526	4286000	8
20220530 200817	binary	custom	TRUE	TRUE	FALSE	-100	999983	-1	0	31	83	TRUE	0.121589763344049	0.626306932931766	1848	881	7.80271809697816	35.194416250202	0.0358973533538076	10573000	9
20220530 200827	binary	custom	TRUE	TRUE	FALSE	-100	999983	-1	0	31	1	TRUE	0.144709930906205	0.661086181737483	3542	241	97.6814719848335	88.6196078932179	0.0324757374105199	0	10
20220530 200837	binary	custom	TRUE	TRUE	FALSE	-100	999983	-1	0	31	32	TRUE	0.160492469582407	0.312537327761363	4741	499	43.2786494169185	64.4565240030975	0.0179337141597422	11901000	11
20220530 200843	binary	custom	TRUE	TRUE	FALSE	-100	999983	-1	0	31	34	TRUE	0.165528794669829	0.79020033441484	694	393	70.0995879189577	23.7042536194037	0.0410191294766264	5895000	12
20220530 200903	binary	custom	TRUE	TRUE	FALSE	-100	999983	-1	0	31	52	TRUE	0.0359239932591195	0.549364656509299	2376	740	53.2113679892583	47.6923843737625	0.0129323228987882	12081000	13
20220530 200908	binary	custom	TRUE	TRUE	FALSE	-100	999983	-1	0	31	5	TRUE	0.19146356878877	0.637695203535259	2872	46	61.175582161273	44.0456119091583	0.0100092531122971	11940000	14
20220530 200921	binary	custom	TRUE	TRUE	FALSE	-100	999983	-1	0	31	138	TRUE	0.0631160736132214	0.726388085680082	5477	481	22.5480426094561	6.3573990308214	0.046132579792521	6564000	15
20220530 200930	binary	custom	TRUE	TRUE	FALSE	-100	999983	-1	0	31	16	TRUE	0.10497541470528	0.327665762656501	6940	920	90.1661438609673	14.5567835840796	0.0113692452119375	11748000	16
20220530 201030	binary	custom	TRUE	TRUE	FALSE	-100	999983	-1	0	31	933	TRUE	0.0167936536725444	0.969484604988247	3264	867	18.1208629876242	94.417969582303	0.0281110524761191	11705000	17
20220530 201045	binary	custom	TRUE	TRUE	FALSE	-100	999983	-1	0	31	99	TRUE	0.125176952538313	0.36990882613297	3997	791	38.5256387750685	92.8461937599682	0.0419955084662347	8225000	18
20220530 201052	binary	custom	TRUE	TRUE	FALSE	-100	999983	-1	0	31	32	TRUE	0.251216294176993	0.814317816542462	7376	323	11.6134652560244	76.9921023107599	0.0320997924634	11289000	19
20220530 201100	binary	custom	TRUE	TRUE	FALSE	-100	999983	-1	0	31	12	TRUE	0.233683392194299	0.857883257066299	1128	303	5.80463593942113	1.7761625291314	0.0443689141821648	9246000	20
20220530 201107	binary	custom	TRUE	TRUE	FALSE	-100	999983	-1	0	31	22	TRUE	0.216184997655385	0.258386572862842	1234	684	53.8518231511781	10.7257277496891	0.0145047735657066	11751000	21
20220530 201113	binary	custom	TRUE	TRUE	FALSE	-100	999983	-1	0	31	1	TRUE	0.282059192302986	0.588101861652519	5870	988	95.0523995960664	62.5908146944961	0.0498882521187105	0	22
20220530 201159	binary	custom	TRUE	TRUE	FALSE	-100	999983	-1	0	31	349	TRUE	0.0417797406885074	0.436268005513453	4148	166	3.38683210762351	67.8785890282597	0.0203382452883359	13154000	23
20220530 201210	binary	custom	TRUE	TRUE	FALSE	-100	999983	-1	0	31	140	TRUE	0.0578913373924193	0.937480364041403	6182	214	84.1756908755217	50.5681721768009	0.029189936357129	9021000	24
20220530 201217	binary	custom	TRUE	TRUE	FALSE	-100	999983	-1	0	31	39	TRUE	0.272961938154767	0.987079030148951	142	663	15.4196755644599	83.4643505796391	0.00884986666974977	12388000	25
20220530 201236	binary	custom	TRUE	TRUE	FALSE	-100	999983	-1	0	31	1	TRUE	0.0269126636399389	0.3806193783081	1608	605	81.1605211630065	10.5760880388386	0.0475395151684227	0	26
20220530 201250	binary	custom	TRUE	TRUE	FALSE	-100	999983	-1	0	31	130	TRUE	0.20655638227813	0.248767463437149	2141	153	72.6713913817158	97.242000375575	0.0350771671564352	4737000	27
20220530 201257	binary	custom	TRUE	TRUE	FALSE	-100	999983	-1	0	31	57	TRUE	0.176450230573371	0.840245555341244	7617	1005	26.1612881108054	18.4721663652454	0.022927779037231	11836000	28
20220530 201303	binary	custom	TRUE	TRUE	FALSE	-100	999983	-1	0	31	17	TRUE	0.192339929952692	0.975875411782499	5997	708	70.8420406149337	17.258218915959	0.0130419473014345	10483000	29
20220530 201312	binary	custom	TRUE	TRUE	FALSE	-100	999983	-1	0	31	63	TRUE	0.160073134877544	0.762830891749054	2082	203	16.5966221240642	45.3280011662165	0.0180436225922445	12604000	30
20220530 201333	binary	custom	TRUE	TRUE	FALSE	-100	999983	-1	0	31	92	TRUE	0.0620518653644356	0.489728336139174	6150	671	9.61923047821024	63.6375330963507	0.0230269614679687	12505000	31
20220530 201345	binary	custom	TRUE	TRUE	FALSE	-100	999983	-1	0	31	9	TRUE	0.0754031688076171	0.366107783899762	2698	243	7.32491526894611	81.0192950614376	0.00916644657985382	12623000	32
20220530 201404	binary	custom	TRUE	TRUE	FALSE	-100	999983	-1	0	31	112	TRUE	0.260513709267222	0.4190516375223	1348	377	0.0547286385889286	88.2194799647841	0.0203340645852259	12945000	33
20220530 201414	binary	custom	TRUE	TRUE	FALSE	-100	999983	-1	0	31	44	TRUE	0.168862607434374	0.955570998688829	4126	196	0.0352820134847162	87.7797047612948	0.0197978488555558	12831000	34
20220530 201427	binary	custom	TRUE	TRUE	FALSE	-100	999983	-1	0	31	57	TRUE	0.296173467486923	0.518369427273582	3465	264	0.249715830173411	64.5830973132107	0.0135071703390693	13294000	35
20220530 201437	binary	custom	TRUE	TRUE	FALSE	-100	999983	-1	0	31	24	TRUE	0.242969175362366	0.20952033829875	3938	290	0.0624698411200031	49.3197370970279	0.0223773343408806	12609000	36
20220530 201448	binary	custom	TRUE	TRUE	FALSE	-100	999983	-1	0	31	26	TRUE	0.260383391630119	0.570810575954884	3063	970	3.19183093615382	77.1081185179923	0.0149346305960568	13112000	37
20220530 201500	binary	custom	TRUE	TRUE	FALSE	-100	999983	-1	0	31	59	TRUE	0.298264758796426	0.550917683056826	3274	408	11.5853749519467	94.282101653798	0.0147883927161467	12919000	38
20220530 201517	binary	custom	TRUE	TRUE	FALSE	-100	999983	-1	0	31	84	TRUE	0.149746002399893	0.571135972159213	2952	449	0.067412343817769	72.7883084006549	0.0157322029376556	13358000	39
20220530 201531	binary	custom	TRUE	TRUE	FALSE	-100	999983	-1	0	31	31	TRUE	0.275012424577531	0.465648881241732	125	514	3.74648429091878	63.5819532334746	0.0126957590676657	13192000	40
20220530 201541	binary	custom	TRUE	TRUE	FALSE	-100	999983	-1	0	31	49	TRUE	0.299918725584176	0.752015863725779	2152	528	2.1800269925679	67.3307278638845	0.0162621023403655	13450000	41
20220530 201552	binary	custom	TRUE	TRUE	FALSE	-100	999983	-1	0	31	42	TRUE	0.29699390517348	0.476073799563757	2022	712	27.8208201072457	54.0822705356811	0.00917727035078124	10994000	42
20220530 201607	binary	custom	TRUE	TRUE	FALSE	-100	999983	-1	0	31	59	TRUE	0.0491927723379047	0.717805187717116	109	23	0.589152374597662	76.1091103728927	0.0139599516302542	13257000	43
20220530 201618	binary	custom	TRUE	TRUE	FALSE	-100	999983	-1	0	31	43	TRUE	0.254492545735132	0.733864106791452	655	149	0.151439141762941	84.9401173459307	0.0134667570034133	12852000	44
20220530 201903	binary	custom	TRUE	TRUE	FALSE	-100	999983	-1	0	31	1004	TRUE	0.0152428777707637	0.407397779786077	17	476	4.03306680882098	69.2263737920305	0.0159469300434898	13134000	45
20220530 202052	binary	custom	TRUE	TRUE	FALSE	-100	999983	-1	0	31	1252	TRUE	0.0105700066828183	0.982513909969597	3593	240	3.14029819310903	62.2516616190653	0.0137238625148229	12907000	46
20220530 202100	binary	custom	TRUE	TRUE	FALSE	-100	999983	-1	0	31	31	TRUE	0.272641224580705	0.72902257562958	4287	739	2.78026601185372	70.9360881572154	0.0197963943125706	13140000	47
20220530 202134	binary	custom	TRUE	TRUE	FALSE	-100	999983	-1	0	31	111	TRUE	0.0657678638480674	0.999665672766251	4	245	4.08596539060493	64.9950467094532	0.0215915410067121	11947000	48
20220530 202332	binary	custom	TRUE	TRUE	FALSE	-100	999983	-1	0	31	769	TRUE	0.0127558487462352	0.498062466433439	1186	31	0.00473767760377657	28.6251756654924	0.0134316273163287	13629000	49
20220530 202402	binary	custom	TRUE	TRUE	FALSE	-100	999983	-1	0	31	186	TRUE	0.0534098214383467	0.577230988646674	5136	17	0.28277488631126	14.3316531109384	0.0152270531991243	13459000	50
20220530 202435	binary	custom	TRUE	TRUE	FALSE	-100	999983	-1	0	31	197	TRUE	0.0388747173523982	0.359606443004914	2828	17	2.49396335978557	1.68768249038289	0.0148740490406798	13456000	51
20220530 202521	binary	custom	TRUE	TRUE	FALSE	-100	999983	-1	0	31	304	TRUE	0.0332805908142854	0.435379433345023	3348	23	0.00396949589859528	34.8683420251855	0.014827343702648	13179000	52
20220530 202543	binary	custom	TRUE	TRUE	FALSE	-100	999983	-1	0	31	19	TRUE	0.0737628943947877	0.683409268292888	33	251	0.110342873497877	0.442471545130231	0.0113984581028638	10689000	53
20220530 202714	binary	custom	TRUE	TRUE	FALSE	-100	999983	-1	0	31	726	TRUE	0.0115143948585148	0.429222629645017	5208	17	34.3512499878491	0.318939271957121	0.0200068233237083	11825000	54
20220530 202725	binary	custom	TRUE	TRUE	FALSE	-100	999983	-1	0	31	29	TRUE	0.278276032680797	0.544547772758325	5188	17	2.83013028997049	4.58806648794224	0.0187009952960877	12804000	55
20220530 202815	binary	custom	TRUE	TRUE	FALSE	-100	999983	-1	0	31	345	TRUE	0.0102119382931632	0.863660084323008	5801	16	0.582109907821313	8.40229119318417	0.025093159672242	12070000	56
20220530 202827	binary	custom	TRUE	TRUE	FALSE	-100	999983	-1	0	31	98	TRUE	0.215169805893573	0.858371965588447	7778	439	2.32782709384586	75.2150771363938	0.0144172079832551	13147000	57
20220530 202948	binary	custom	TRUE	TRUE	FALSE	-100	999983	-1	0	31	662	TRUE	0.0177242976924452	0.353299859047325	1196	16	5.89873868611517	65.5590785745331	0.0141021058705519	13487000	58
20220530 203013	binary	custom	TRUE	TRUE	FALSE	-100	999983	-1	0	31	148	TRUE	0.0861022385025299	0.200345382446963	7830	75	1.44721525779419	5.39177823357708	0.0155409814259741	13449000	59
20220530 203207	binary	custom	TRUE	TRUE	FALSE	-100	999983	-1	0	31	984	TRUE	0.0119550307249451	0.575856791046906	7960	89	3.4887656538069	12.4405595706268	0.0148725618646702	13423000	60
20220530 203347	binary	custom	TRUE	TRUE	FALSE	-100	999983	-1	0	31	1269	TRUE	0.0108085347500096	0.645205059992159	6572	169	0.677719293902085	83.5832303199295	0.0139253508099941	13006000	61
20220530 203405	binary	custom	TRUE	TRUE	FALSE	-100	999983	-1	0	31	78	TRUE	0.039574079834996	0.203310342834673	1161	34	74.7612172235779	19.3800303915399	0.0108823750437672	11732000	62
20220530 203418	binary	custom	TRUE	TRUE	FALSE	-100	999983	-1	0	31	53	TRUE	0.157525112342121	0.311000932767643	1448	18	2.23359822090622	19.856770865029	0.0172053001000713	12840000	63
20220530 203522	binary	custom	TRUE	TRUE	FALSE	-100	999983	-1	0	31	507	TRUE	0.0109710375518092	0.712427232973365	1544	234	4.15633588737795	76.7888227234485	0.0136597598015101	13151000	64
20220530 203532	binary	custom	TRUE	TRUE	FALSE	-100	999983	-1	0	31	43	TRUE	0.298058723503941	0.246200732268963	7757	545	0.0845214228901462	2.74853658136257	0.0146151386300769	13053000	65
20220530 203545	binary	custom	TRUE	TRUE	FALSE	-100	999983	-1	0	31	59	TRUE	0.232880747425154	0.365834323685974	6189	382	0.91571872748872	72.2180356773431	0.0168173358730601	13020000	66
20220530 203552	binary	custom	TRUE	TRUE	FALSE	-100	999983	-1	0	31	22	TRUE	0.29890306309958	0.993258407131742	4878	524	1.77007026985736	77.0774840689628	0.0131202561841141	12892000	67
20220530 203610	binary	custom	TRUE	TRUE	FALSE	-100	999983	-1	0	31	228	TRUE	0.0673838180912085	0.99539897253101	7743	32	15.1083485672543	69.6140980669419	0.0175811613262231	12582000	68
20220530 203646	binary	custom	TRUE	TRUE	FALSE	-100	999983	-1	0	31	219	TRUE	0.0345680837793194	0.388069312880952	7170	840	1.7384873992449	0.906809451886827	0.0154631841207077	13299000	69
20220530 203730	binary	custom	TRUE	TRUE	FALSE	-100	999983	-1	0	31	369	TRUE	0.0367140974093305	0.28724590069533	6462	41	2.58326930145945	0.0449170419098129	0.0133817965630507	13269000	70
20220530 203750	binary	custom	TRUE	TRUE	FALSE	-100	999983	-1	0	31	159	TRUE	0.0844870405724622	0.610760808691205	8000	1024	0.0422718329349079	69.7165267201315	0.0154376039668269	13419000	71
20220530 203808	binary	custom	TRUE	TRUE	FALSE	-100	999983	-1	0	31	165	TRUE	0.0655073948561185	0.647165813020846	7997	487	0.0882404939972426	57.1462791540569	0.0177544685459043	13056000	72
20220530 203830	binary	custom	TRUE	TRUE	FALSE	-100	999983	-1	0	31	247	TRUE	0.065145721581516	0.91385951327459	7988	912	2.02697750596165	99.9136857370404	0.0158085716209723	12841000	73
20220530 203841	binary	custom	TRUE	TRUE	FALSE	-100	999983	-1	0	31	5	TRUE	0.107665874976138	0.464636235149604	7998	511	0.331194561936396	74.8721980296068	0.00837614359520156	11513000	74
20220530 203850	binary	custom	TRUE	TRUE	FALSE	-100	999983	-1	0	31	37	TRUE	0.131969361224517	0.943125399819036	7959	1019	0.122347326416163	19.9117450537336	0.0159856524577888	12762000	75
20220530 203915	binary	custom	TRUE	TRUE	FALSE	-100	999983	-1	0	31	123	TRUE	0.0581203360664323	0.424321606640229	7647	269	0.0838012413700287	0.135899136930839	0.0173704581056609	13190000	76
20220530 203925	binary	custom	TRUE	TRUE	FALSE	-100	999983	-1	0	31	41	TRUE	0.299389644891593	0.203244349073391	1855	582	0.591253129760603	69.0401798244368	0.0151438023170675	13166000	77
20220530 204006	binary	custom	TRUE	TRUE	FALSE	-100	999983	-1	0	31	328	TRUE	0.0107129058766475	0.844145090396399	2	16	45.2798922534436	64.6843421934138	0.0132662946914305	12311000	78
20220530 204231	binary	custom	TRUE	TRUE	FALSE	-100	999983	-1	0	31	1196	TRUE	0.0106841587744724	0.573418147738477	4841	1024	0.19100390456214	69.4869798429483	0.0161863113470952	13287000	79
20220530 204344	binary	custom	TRUE	TRUE	FALSE	-100	999983	-1	0	31	369	TRUE	0.0102438298986395	0.316249585849195	1450	16	6.11337200917005	16.5679641359729	0.0144840507399507	13383000	80
20220530 204432	binary	custom	TRUE	TRUE	FALSE	-100	999983	-1	0	31	444	TRUE	0.017656170708442	0.20216748555734	7843	1024	62.1485777770117	1.27586088236178	0.020110024631254	11085000	81
20220530 204522	binary	custom	TRUE	TRUE	FALSE	-100	999983	-1	0	31	311	TRUE	0.0441271835033359	0.396199531642083	519	1012	0.0348923518526364	94.9229294557433	0.0124191321486627	13546000	82
20220530 204603	binary	custom	TRUE	TRUE	FALSE	-100	999983	-1	0	31	255	TRUE	0.0424435047708509	0.372412454957579	949	1016	0.0113430262458376	67.1628193923584	0.0135758467355381	13343000	83
20220530 204619	binary	custom	TRUE	TRUE	FALSE	-100	999983	-1	0	31	41	TRUE	0.0873690862527677	0.399969651700321	9	1022	15.3447662430839	99.7756022185593	0.0129980661936647	12780000	84
20220530 204644	binary	custom	TRUE	TRUE	FALSE	-100	999983	-1	0	31	39	TRUE	0.0371121729629354	0.478062865203503	330	739	0.201496956094921	99.8756545461722	0.0084039668447215	12515000	85
20220530 204720	binary	custom	TRUE	TRUE	FALSE	-100	999983	-1	0	31	323	TRUE	0.0517165160161707	0.203105163709468	2433	948	0.153260778483197	99.9118887536116	0.0222907044566349	12703000	86
20220530 204802	binary	custom	TRUE	TRUE	FALSE	-100	999983	-1	0	31	287	TRUE	0.0496182258116008	0.344698139832641	960	645	0.00357335380488385	88.6802521005256	0.0133259804077297	13726000	87
20220530 204851	binary	custom	TRUE	TRUE	FALSE	-100	999983	-1	0	31	370	TRUE	0.0604725409498204	0.244921213339316	256	654	0.0466157231074799	86.3725511999169	0.0127408209870676	13251000	88
20220530 204931	binary	custom	TRUE	TRUE	FALSE	-100	999983	-1	0	31	229	TRUE	0.0369628171822018	0.43052723213844	2044	835	0.110738658153975	95.7013314747919	0.0138764247831454	13521000	89
20220530 205001	binary	custom	TRUE	TRUE	FALSE	-100	999983	-1	0	31	131	TRUE	0.0517012296862661	0.475401059858966	915	919	0.066164893279355	91.7239778606585	0.0157759236502565	13498000	90
20220530 205007	binary	custom	TRUE	TRUE	FALSE	-100	999983	-1	0	31	21	TRUE	0.299853395415321	0.999832787717786	3827	416	17.3569243614221	58.8473372683246	0.0247844139830656	12069000	91
20220530 205036	binary	custom	TRUE	TRUE	FALSE	-100	999983	-1	0	31	186	TRUE	0.0485129874437012	0.312219060742085	4590	504	0.0248069820960712	97.5531722356774	0.0295029623271209	11632000	92
20220530 205104	binary	custom	TRUE	TRUE	FALSE	-100	999983	-1	0	31	132	TRUE	0.13448374605016	0.415529865334703	1115	559	0.358256482012556	94.2149794325681	0.0134146263559167	13099000	93
20220530 205221	binary	custom	TRUE	TRUE	FALSE	-100	999983	-1	0	31	696	TRUE	0.0231305834095538	0.308812544853375	4314	1018	0.977123441507172	89.2274408218322	0.0141376296440491	13179000	94
20220530 205240	binary	custom	TRUE	TRUE	FALSE	-100	999983	-1	0	31	111	TRUE	0.0991593014723467	0.487924670600562	7995	551	10.2121878383988	8.6125378159641	0.0150829348397831	13255000	95
20220530 205455	binary	custom	TRUE	TRUE	FALSE	-100	999983	-1	0	31	876	TRUE	0.0100083310819879	0.5049977314958	1582	20	0.0920341681946953	12.5581104563071	0.0191430671683498	13337000	96
20220530 205503	binary	custom	TRUE	TRUE	FALSE	-100	999983	-1	0	31	5	TRUE	0.288818693277078	0.423723475986208	20	19	53.3803420906002	65.7311335050982	0.0140282315188533	11626000	97
20220530 205614	binary	custom	TRUE	TRUE	FALSE	-100	999983	-1	0	31	510	TRUE	0.0337642424247392	0.451349349381798	1371	72	0.00553761618702858	70.9351966724426	0.0132332784693839	13421000	98
20220530 205733	binary	custom	TRUE	TRUE	FALSE	-100	999983	-1	0	31	1021	TRUE	0.0100363910977637	0.800656826445044	7473	1023	9.28128166296853	70.9126611591518	0.0146538878488084	12635000	99
20220530 205741	binary	custom	TRUE	TRUE	FALSE	-100	999983	-1	0	31	52	TRUE	0.294386295191131	0.904402884670887	841	17	9.78658011715082	59.3544308147261	0.0142053316959853	12724000	100
20220530 205857	binary	custom	TRUE	TRUE	FALSE	-100	999983	-1	0	31	328	TRUE	0.010270816687299	0.560529303813249	823	18	0.215067138524012	47.471835544668	0.0153234927326386	13300000	101
20220530 205932	binary	custom	TRUE	TRUE	FALSE	-100	999983	-1	0	31	171	TRUE	0.0414977345035718	0.49559720118692	2553	26	3.64874976509253	19.2303616860264	0.0136820794011127	13367000	102
20220530 205944	binary	custom	TRUE	TRUE	FALSE	-100	999983	-1	0	31	37	TRUE	0.292961627920339	0.418544223726448	2718	579	0.0132110882205218	25.8156382558169	0.0183447125352929	13146000	103
20220530 210042	binary	custom	TRUE	TRUE	FALSE	-100	999983	-1	0	31	664	TRUE	0.0135987540744526	0.802103417518439	343	17	17.1433565312004	89.74771333026	0.0120316073522324	13032000	104
20220530 210113	binary	custom	TRUE	TRUE	FALSE	-100	999983	-1	0	31	125	TRUE	0.054098958896016	0.411320500093302	2946	603	2.52341587378275	82.4482703955817	0.0184446667419148	13329000	105
20220530 210129	binary	custom	TRUE	TRUE	FALSE	-100	999983	-1	0	31	129	TRUE	0.0778348140159943	0.77196748154326	5322	642	0.0133424418733607	74.9341964040844	0.0151897374352035	13205000	106
20220530 210146	binary	custom	TRUE	TRUE	FALSE	-100	999983	-1	0	31	151	TRUE	0.15958698751127	0.226001183499935	7996	80	13.7682843504486	88.5313225623865	0.0204248336555938	12925000	107
20220530 210417	binary	custom	TRUE	TRUE	FALSE	-100	999983	-1	0	31	1109	TRUE	0.010332823529942	0.362197177299931	870	672	0.00660422917146822	87.6861443871436	0.0137472465714915	13549000	108
20220530 210440	binary	custom	TRUE	TRUE	FALSE	-100	999983	-1	0	31	112	TRUE	0.0503179397387829	0.352180002675474	982	344	13.3587237579928	80.3063838036484	0.0134903539302494	13126000	109
20220530 210506	binary	custom	TRUE	TRUE	FALSE	-100	999983	-1	0	31	176	TRUE	0.0504715725715275	0.967974736600654	1099	1019	0.0882979967233353	97.5127059181803	0.0125776399609794	13093000	110
20220530 210535	binary	custom	TRUE	TRUE	FALSE	-100	999983	-1	0	31	185	TRUE	0.0553143318898141	0.334067737471193	4727	1024	0.0260665926329698	4.95860158273767	0.0201423801355219	12899000	111
20220530 210548	binary	custom	TRUE	TRUE	FALSE	-100	999983	-1	0	31	38	TRUE	0.0641906592928489	0.327225446945948	8000	34	85.1187660388103	0.150099793509618	0.0128487429722847	11538000	112
20220530 210559	binary	custom	TRUE	TRUE	FALSE	-100	999983	-1	0	31	40	TRUE	0.299956440884621	0.302733991617658	3	503	15.8733430122218	64.4992564979801	0.0270763818172121	12252000	113
20220530 210610	binary	custom	TRUE	TRUE	FALSE	-100	999983	-1	0	31	43	TRUE	0.242648607799772	0.354255246069054	7998	165	7.15276530064535	25.3688320375825	0.0160821416546282	12814000	114
20220530 210722	binary	custom	TRUE	TRUE	FALSE	-100	999983	-1	0	31	328	TRUE	0.010962438008652	0.343891187731483	1129	22	0.0332889776489419	25.5337396910685	0.0141462554184792	13443000	115
20220530 210755	binary	custom	TRUE	TRUE	FALSE	-100	999983	-1	0	31	188	TRUE	0.0304670642771964	0.310077080179838	1465	16	9.52340800599639	0.326911558628506	0.0260094313452412	11863000	116
20220530 210843	binary	custom	TRUE	TRUE	FALSE	-100	999983	-1	0	31	328	TRUE	0.0502322680779642	0.505147904572901	1871	652	4.23854924611585	87.2790687748493	0.0126936691806742	13287000	117
20220530 210918	binary	custom	TRUE	TRUE	FALSE	-100	999983	-1	0	31	373	TRUE	0.0518274270788655	0.200542233926335	7996	481	8.43998823966472	0.074119521917711	0.0162705863143662	13267000	118
20220530 211025	binary	custom	TRUE	TRUE	FALSE	-100	999983	-1	0	31	534	TRUE	0.0106345215582106	0.643953133751101	1065	18	9.66759258025297	29.7240400636896	0.0154644681847229	13249000	119
20220530 211037	binary	custom	TRUE	TRUE	FALSE	-100	999983	-1	0	31	36	TRUE	0.25220404744079	0.540745247337878	7996	1021	0.0473252983591021	31.3938781393783	0.0173137512855468	13129000	120
20220530 211045	binary	custom	TRUE	TRUE	FALSE	-100	999983	-1	0	31	30	TRUE	0.296439740733632	0.655325655334559	7982	85	0.149741121771054	85.0054195227496	0.0165323828956595	13368000	121
20220530 211106	binary	custom	TRUE	TRUE	FALSE	-100	999983	-1	0	31	250	TRUE	0.168581476226881	0.649623380634614	7997	84	6.98076390223799	96.2389231518415	0.0163858507983514	13257000	122
20220530 211120	binary	custom	TRUE	TRUE	FALSE	-100	999983	-1	0	31	67	TRUE	0.299767257057367	0.665609604987306	6688	17	11.6463468563938	71.6709845496245	0.0159926023535733	13128000	123
20220530 211136	binary	custom	TRUE	TRUE	FALSE	-100	999983	-1	0	31	89	TRUE	0.29955576913579	0.345013377834146	2882	18	5.79110227361728	69.4668400674248	0.0187704181942414	13268000	124
20220530 211154	binary	custom	TRUE	TRUE	FALSE	-100	999983	-1	0	31	147	TRUE	0.0604130917015027	0.727712179945062	4424	16	5.29553795834701	76.0695333455576	0.0164280279095043	13166000	125
20220530 211203	binary	custom	TRUE	TRUE	FALSE	-100	999983	-1	0	31	74	TRUE	0.277300648059565	0.841669861659707	7897	149	19.1180610733699	99.9570189295004	0.0198467100372824	12710000	126
20220530 211219	binary	custom	TRUE	TRUE	FALSE	-100	999983	-1	0	31	63	TRUE	0.171453444931172	0.562544103151653	6958	667	0.0399436552680292	12.9627066671839	0.0164365506109647	13051000	127
20220530 211236	binary	custom	TRUE	TRUE	FALSE	-100	999983	-1	0	31	29	TRUE	0.0497271754968898	0.372905478503613	1	1017	66.8515504762279	93.2671582678511	0.00836319208985656	12365000	128
20220530 211306	binary	custom	TRUE	TRUE	FALSE	-100	999983	-1	0	31	198	TRUE	0.0131310958593806	0.99959702896089	1398	57	58.9757855455158	98.3904451547536	0.00835848224532086	11665000	129
20220530 211319	binary	custom	TRUE	TRUE	FALSE	-100	999983	-1	0	31	86	TRUE	0.0456756519778461	0.874386302186472	245	1023	82.2520399260217	55.5119515038659	0.00840714108295997	10959000	130
20220530 211334	binary	custom	TRUE	TRUE	FALSE	-100	999983	-1	0	31	64	TRUE	0.298800662951669	0.522536972701416	1034	485	5.98899703537662	53.8953022051316	0.0184352347075609	12914000	131
20220530 211359	binary	custom	TRUE	TRUE	FALSE	-100	999983	-1	0	31	87	TRUE	0.0217575945631455	0.211405651369115	4908	512	79.0234672718437	59.8508587044086	0.00834951645787255	11316000	132
20220530 211413	binary	custom	TRUE	TRUE	FALSE	-100	999983	-1	0	31	138	TRUE	0.0643416119654727	0.981740445559034	7992	1021	46.550902701185	64.2977484519812	0.0273980220464564	10884000	133
20220530 211430	binary	custom	TRUE	TRUE	FALSE	-100	999983	-1	0	31	92	TRUE	0.0551330722605142	0.228325044448381	9	1024	62.2512270660048	66.4594646387742	0.0162750546675598	11743000	134
20220530 211438	binary	custom	TRUE	TRUE	FALSE	-100	999983	-1	0	31	11	TRUE	0.299712000757135	0.202615466606501	7970	961	79.3075264418858	0.663401536381794	0.0141619972738816	11472000	135
20220530 211508	binary	custom	TRUE	TRUE	FALSE	-100	999983	-1	0	31	191	TRUE	0.0115441796451904	0.99497451726664	3260	62	58.1542282849565	25.0257182960381	0.0215101127927016	11188000	136
20220530 211545	binary	custom	TRUE	TRUE	FALSE	-100	999983	-1	0	31	427	TRUE	0.0789429463966856	0.281107258110998	7999	1021	21.965261537928	93.3812513569885	0.0162809731848695	13110000	137
20220530 211617	binary	custom	TRUE	TRUE	FALSE	-100	999983	-1	0	31	304	TRUE	0.0708033861273544	0.316914160360042	8000	136	19.5951498881855	93.3267763879606	0.0141855650135125	12735000	138
20220530 211635	binary	custom	TRUE	TRUE	FALSE	-100	999983	-1	0	31	130	TRUE	0.113470634049361	0.27269325819922	7881	1024	21.5290587884178	99.8024119522736	0.0267844206416024	12230000	139
20220530 211652	binary	custom	TRUE	TRUE	FALSE	-100	999983	-1	0	31	135	TRUE	0.138085188803058	0.612436199623649	7984	972	13.9717214176754	89.7252524055724	0.0187397770456446	12950000	140
20220530 211701	binary	custom	TRUE	TRUE	FALSE	-100	999983	-1	0	31	7	TRUE	0.235896253443419	0.383013250499006	7992	1022	75.5794014940205	99.9649167399244	0.00975981028546762	10989000	141
20220530 211712	binary	custom	TRUE	TRUE	FALSE	-100	999983	-1	0	31	63	TRUE	0.261960264612406	0.224621420804829	7992	1012	14.4507456177025	0.177274209767267	0.0169689666898941	13054000	142
20220530 211740	binary	custom	TRUE	TRUE	FALSE	-100	999983	-1	0	31	148	TRUE	0.0445331222561352	0.397241981817031	38	19	22.6465743487075	89.5487484525357	0.0215039409902976	12670000	143
20220530 211748	binary	custom	TRUE	TRUE	FALSE	-100	999983	-1	0	31	27	TRUE	0.176661309575203	0.93349878239153	2	1020	49.8560752355787	99.9773468453295	0.0121045974974826	11790000	144
20220530 211801	binary	custom	TRUE	TRUE	FALSE	-100	999983	-1	0	31	114	TRUE	0.272396041479698	0.201248154776103	1835	1022	80.6173295809162	31.3664745976104	0.00837268174258911	10476000	145
20220530 211810	binary	custom	TRUE	TRUE	FALSE	-100	999983	-1	0	31	36	TRUE	0.232272157712114	0.825719678332931	7991	257	0.0104382405574899	34.4321928107928	0.0286017911781243	11948000	146
20220530 211820	binary	custom	TRUE	TRUE	FALSE	-100	999983	-1	0	31	40	TRUE	0.298121701767084	0.214465473129846	5237	890	1.37015376364987	77.3505401670926	0.0253355020566307	12447000	147
20220530 211838	binary	custom	TRUE	TRUE	FALSE	-100	999983	-1	0	31	98	TRUE	0.100612778618815	0.322278475427313	7984	16	8.40275220297494	0.272758370972165	0.0150411283912824	13333000	148
20220530 211849	binary	custom	TRUE	TRUE	FALSE	-100	999983	-1	0	31	50	TRUE	0.24350181853514	0.997977548179652	2638	612	0.0598059698518921	95.0708835504725	0.0387921876647227	10033000	149
20220530 211901	binary	custom	TRUE	TRUE	FALSE	-100	999983	-1	0	31	47	TRUE	0.294173125036029	0.340143060626413	3163	621	1.12194452629607	74.6970917084292	0.0165045854386268	13266000	150
20220530 211911	binary	custom	TRUE	TRUE	FALSE	-100	999983	-1	0	31	29	TRUE	0.293584329790361	0.207262601096523	7618	993	0.349800115742281	55.7666302853005	0.0349778720947658	10323000	151
20220530 211924	binary	custom	TRUE	TRUE	FALSE	-100	999983	-1	0	31	70	TRUE	0.298860621449747	0.319010912102065	3180	1022	8.82740672496152	65.936069162682	0.019584197820331	13129000	152
20220530 211934	binary	custom	TRUE	TRUE	FALSE	-100	999983	-1	0	31	18	TRUE	0.289168836441444	0.630475876827318	2524	1022	0.31065429608181	1.22711186854249	0.0179211642113622	12455000	153
20220530 211952	binary	custom	TRUE	TRUE	FALSE	-100	999983	-1	0	31	162	TRUE	0.0642919330697662	0.883563512863834	7895	16	2.43217174120104	99.9296485363049	0.0272012075713355	11906000	154
20220530 212004	binary	custom	TRUE	TRUE	FALSE	-100	999983	-1	0	31	45	TRUE	0.288064520740931	0.35899299933387	5784	1019	2.86008094516186	94.5855854478379	0.0212917199875434	12950000	155
20220530 212021	binary	custom	TRUE	TRUE	FALSE	-100	999983	-1	0	31	108	TRUE	0.285464598966386	0.330823872594162	3056	16	5.14387863178033	95.0401058812648	0.00867230398888153	12074000	156
20220530 212034	binary	custom	TRUE	TRUE	FALSE	-100	999983	-1	0	31	76	TRUE	0.232720396580152	0.321979648028519	2845	1021	26.4003908781538	93.7611382859757	0.0213969781916427	12692000	157
20220530 212043	binary	custom	TRUE	TRUE	FALSE	-100	999983	-1	0	31	25	TRUE	0.297929294197645	0.229510644634984	3485	967	22.0152451823393	0.24167978031545	0.0281138600243024	12270000	158
20220530 212057	binary	custom	TRUE	TRUE	FALSE	-100	999983	-1	0	31	114	TRUE	0.0738177759668703	0.95649761376915	5835	564	12.8563535162701	12.3434497014173	0.0300171066084658	11705000	159
20220530 212111	binary	custom	TRUE	TRUE	FALSE	-100	999983	-1	0	31	42	TRUE	0.299157236187136	0.921006781523323	236	578	0.0278069558468361	98.8821520390907	0.0106375351051697	12968000	160
20220530 212123	binary	custom	TRUE	TRUE	FALSE	-100	999983	-1	0	31	26	TRUE	0.290707683001335	0.815543752452896	366	748	0.0480641539261392	61.5702914204249	0.0134112373614922	13353000	161
20220530 212204	binary	custom	TRUE	TRUE	FALSE	-100	999983	-1	0	31	187	TRUE	0.0445791581810098	0.356183407708447	1311	1023	0.528579425710197	39.4961404104106	0.0267617191438433	12130000	162
20220530 212322	binary	custom	TRUE	TRUE	FALSE	-100	999983	-1	0	31	548	TRUE	0.0200906717483791	0.518992939389138	282	16	6.45084216184134	92.6985034940544	0.00958912853694366	12890000	163
20220530 212332	binary	custom	TRUE	TRUE	FALSE	-100	999983	-1	0	31	25	TRUE	0.262691756620929	0.202050263114775	2800	768	5.74138783979777	0.0241140972427355	0.0211596887678055	12649000	164
20220530 212405	binary	custom	TRUE	TRUE	FALSE	-100	999983	-1	0	31	273	TRUE	0.0498043833052103	0.217110001845459	2908	116	0.250729819266832	98.7934907348728	0.0193908731879195	13327000	165
20220530 212415	binary	custom	TRUE	TRUE	FALSE	-100	999983	-1	0	31	13	TRUE	0.162615115806249	0.308307830331903	1135	17	99.9676934729497	95.3671858380946	0.00936128632353618	11228000	166
20220530 212435	binary	custom	TRUE	TRUE	FALSE	-100	999983	-1	0	31	161	TRUE	0.079034227013816	0.661258924770832	4811	1022	0.0457186544926242	31.2427003603909	0.0161134374271809	13385000	167
20220530 212458	binary	custom	TRUE	TRUE	FALSE	-100	999983	-1	0	31	125	TRUE	0.0483156351875891	0.627804402369622	1981	446	0.0706039403641298	62.2721331710563	0.0138509732779307	13433000	168
20220530 212507	binary	custom	TRUE	TRUE	FALSE	-100	999983	-1	0	31	18	TRUE	0.25649237130842	0.745858669548521	3197	1007	0.118968897712664	28.7968574518792	0.0260584204625278	12113000	169
20220530 212553	binary	custom	TRUE	TRUE	FALSE	-100	999983	-1	0	31	267	TRUE	0.031697653574799	0.413552753448721	2815	1016	0.0995865539027784	16.8968119421897	0.0159926473607315	13583000	170
20220530 212633	binary	custom	TRUE	TRUE	FALSE	-100	999983	-1	0	31	205	TRUE	0.0421689063354881	0.516736607061575	2339	570	0.0890272008267185	27.8146509157293	0.0157836002666571	13531000	171
20220530 212706	binary	custom	TRUE	TRUE	FALSE	-100	999983	-1	0	31	214	TRUE	0.0439400941678344	0.581144913211389	3376	420	0.0266335025425244	91.1546399228683	0.0157813261621208	13203000	172
20220530 212856	binary	custom	TRUE	TRUE	FALSE	-100	999983	-1	0	31	796	TRUE	0.0121363808322459	0.339018916613802	3282	688	0.0249307780819489	10.6975702552667	0.0160591497388461	13765000	173
20220530 212938	binary	custom	TRUE	TRUE	FALSE	-100	999983	-1	0	31	327	TRUE	0.0472335692526821	0.307119518284008	4278	910	0.133510947384195	12.4143931954017	0.0157181153699633	13557000	174
20220530 213117	binary	custom	TRUE	TRUE	FALSE	-100	999983	-1	0	31	736	TRUE	0.0118585358868021	0.348026360504012	3152	825	9.59095753499322	8.45105191680217	0.0163770831738415	13379000	175
20220530 213129	binary	custom	TRUE	TRUE	FALSE	-100	999983	-1	0	31	52	TRUE	0.153576554119778	0.202273266012625	2573	16	0.0774621621365786	68.8896248127348	0.0253495026169197	12401000	176
20220530 213147	binary	custom	TRUE	TRUE	FALSE	-100	999983	-1	0	31	27	TRUE	0.299164266403337	0.228524808345961	628	339	0.0648018250650188	8.73332590053332	0.0294256750595274	10760000	177
20220530 213157	binary	custom	TRUE	TRUE	FALSE	-100	999983	-1	0	31	44	TRUE	0.234355752674055	0.807213203666604	5242	233	0.0135559238091538	65.917583210046	0.0159622359652345	13008000	178
